100
    0    66
    0    17
    0    99
    1     0
    2    58
    3    35
    3    84
    3    65
    3    46
    3    37
    3    99
    3    36
    3    96
    3    79
    3    86
    3    19
    3    78
    4    14
    4    73
    4    85
    4    23
    4    91
    4    94
    4    87
    4    10
    4    56
    5    79
    5    52
    5     1
    5    72
    5     3
    5    39
    6    17
    6    68
    6    35
    6    27
    7    11
    7    61
    7    64
    7    80
    7    69
    7    59
    8    33
    8    79
    8    95
    8    45
    8    44
    8    49
    8    26
    8    85
    8     9
    8    82
    8    36
    8    76
    8    11
    8    91
    8    39
    8    48
    9    41
    9    99
    9    19
    9    23
    9    60
    9    93
    9    83
    9    56
    9    76
    9    38
    9    51
    9    54
    9    87
    9    16
    9    44
    9    21
   10    38
   10    35
   10    95
   10    44
   11     3
   12    18
   12    49
   12    16
   12    36
   12    94
   12    40
   13    18
   13     9
   13    63
   13    74
   13    48
   13    45
   13    64
   13    43
   13    44
   13    80
   13    85
   13    33
   13     5
   13    42
   13    90
   13    39
   13    86
   13    10
   13    34
   13    95
   14     9
   14    88
   14    31
   14    58
   14    82
   14    79
   14    49
   14    76
   14    94
   14     5
   14    98
   14    53
   14    60
   15    30
   15    69
   15    74
   15    49
   15    76
   15    86
   15    24
   15    92
   15    51
   15    20
   15    18
   16    67
   16    25
   16    13
   16    83
   16    71
   16    91
   16    63
   16    70
   16    27
   16    30
   16    45
   16    19
   16    87
   16    86
   16    76
   16    24
   17    10
   17    47
   17    93
   17    30
   17    18
   17    74
   17    65
   17    71
   17    60
   17     2
   17     7
   17    52
   17    19
   17    20
   18    70
   18     6
   18    10
   18    28
   18    37
   18     9
   18    60
   18    71
   18    57
   18    96
   18    39
   18    75
   18    77
   18     4
   18    76
   18    20
   18    13
   18    16
   19    81
   19     9
   19    26
   19    53
   19    92
   19    61
   19    46
   19    91
   19    93
   20    64
   20    73
   20     7
   20    46
   20    21
   20    80
   20    53
   20     9
   20    93
   20    85
   21    62
   21    92
   21    91
   21     6
   21    93
   21    68
   21    98
   21    48
   21     4
   21    64
   21    44
   22    49
   22    64
   22    28
   23    50
   24    70
   24    29
   24    73
   24    72
   24    37
   24    82
   24    26
   24    48
   24    42
   24    27
   24    34
   24    62
   25    79
   25    51
   25    70
   25    33
   25    56
   25    98
   25    36
   25    76
   25    64
   25    59
   25    39
   26    99
   26    24
   26    91
   27    93
   27     7
   27    70
   27    82
   27    11
   27    90
   27    76
   27    65
   27    84
   27    52
   27    66
   27    64
   27    26
   27    15
   27    73
   27     9
   27     4
   27    32
   27     3
   27    63
   28    25
   28    49
   28    96
   28    58
   28    27
   28    97
   28    24
   28    14
   28    67
   28    72
   29    65
   29    58
   29    59
   29    75
   29    69
   29    18
   29    72
   29    44
   29    74
   29    86
   29    48
   29    26
   29    80
   29    31
   29     1
   30    80
   30    31
   30    18
   30    13
   30    77
   30    65
   30    76
   30    11
   30    46
   30    55
   30    72
   30    69
   30    89
   31     5
   31     9
   31    44
   31    77
   31    91
   31    36
   31    35
   32    17
   32     8
   32    16
   32    26
   32    78
   32    27
   32    98
   32    39
   32    57
   32    66
   32    54
   32    79
   32     9
   32    58
   33    67
   33    64
   33     9
   33    32
   33    45
   33    28
   33    30
   33    63
   33    38
   33    94
   33    84
   33     6
   33    71
   33    82
   33    42
   33    52
   33    34
   33    54
   33     1
   33    90
   34    70
   34    18
   34    90
   34    25
   34    30
   34    57
   34    96
   34     2
   34    75
   34    89
   35    91
   35    31
   35    66
   35    58
   35    73
   35    71
   35     9
   35     3
   35    63
   35    47
   35    45
   36    74
   36    54
   36    46
   36    35
   36    21
   36    28
   36    10
   36    78
   36    26
   36    83
   36    69
   36    59
   36    94
   36    55
   37    16
   37    40
   37    63
   37    75
   37    15
   37    89
   37    45
   37    25
   37    68
   37    20
   37    47
   37    61
   38    51
   38    70
   38    54
   38    14
   38    67
   38    56
   39    82
   40    42
   40     8
   41    53
   41    60
   41    50
   41    35
   42    25
   42    27
   42    61
   42    62
   43    48
   43    27
   43     2
   43    88
   43     3
   43    29
   43    50
   43    14
   43    61
   43    91
   43    66
   43    12
   44    32
   44    78
   44    33
   44    47
   44    97
   44    76
   44    79
   44    30
   44    34
   44    26
   44    92
   44    96
   44    19
   45    88
   45    60
   45    13
   45    66
   45    89
   46    47
   46     0
   46    61
   46    74
   46    80
   46    55
   47    24
   47    26
   47    48
   47    23
   47    40
   47    29
   47    51
   48    29
   48    51
   48    35
   48    81
   48     6
   48    55
   48    47
   48    21
   48    49
   48    76
   49    95
   49    30
   49    50
   49    21
   49    26
   49     6
   49    18
   49    52
   49    22
   49    59
   49    41
   50    57
   50    85
   51    34
   51    44
   51    21
   51    71
   51    35
   51    43
   51    24
   51    18
   51    33
   51    62
   51    28
   51    56
   51    78
   51     3
   51     6
   51    19
   52    31
   52    45
   52    98
   52    57
   52    72
   52    64
   52     4
   52    92
   52    46
   52    29
   52    22
   52    24
   52    32
   52     5
   52    42
   52    67
   52    47
   52    71
   52    13
   53    62
   53    21
   53    30
   53    83
   53    80
   53     3
   53    75
   53    46
   53    22
   53    59
   54    16
   55    75
   55    72
   55    43
   55    23
   55     2
   55    52
   55    26
   55     1
   55    37
   55    30
   55    77
   55    29
   55    95
   55    54
   55    63
   55    98
   55    79
   55    80
   55    66
   55    53
   56     0
   57    76
   57     8
   57    64
   57    60
   57    79
   57    63
   57    38
   57    28
   57    56
   57     1
   57    34
   57    50
   57     4
   58    93
   58    27
   58    44
   58    86
   58    74
   58     8
   58    69
   59    66
   59    56
   59    30
   59    62
   59    91
   59    89
   59    79
   59    19
   59    28
   59    88
   59    97
   60    79
   60    83
   61    44
   61     2
   61    70
   61    98
   61    48
   61    59
   61    16
   61    54
   61    86
   61    94
   61    96
   61    84
   61    97
   61    46
   62    22
   62    97
   62    84
   62    85
   62    76
   62    74
   62    43
   62    71
   62    82
   62    56
   62    73
   62    16
   62    89
   62    37
   62    83
   62    27
   62    90
   62     9
   63    73
   63    99
   63    52
   63    18
   63    92
   63    49
   64    87
   64    52
   65    52
   65    13
   65    98
   65    27
   65    15
   65    45
   65    43
   65     1
   65    62
   65    57
   65    51
   65    56
   66    92
   66    83
   66    23
   66    31
   67    80
   67    15
   67    18
   67    81
   67     3
   67     9
   67    50
   67    52
   67    86
   67    35
   67    89
   68    35
   68    59
   68    74
   68     9
   68    11
   68    93
   68    32
   68    71
   68    34
   68    20
   68    27
   68    84
   68    38
   68    46
   68    98
   68     4
   69    74
   69    46
   69    73
   69    28
   69    15
   69    53
   69     1
   70    35
   70    86
   70    22
   70    99
   70    94
   70    51
   70    98
   70    74
   71    20
   71    36
   71    62
   72    91
   72    29
   72    28
   72    49
   72    51
   72    47
   72    69
   72    43
   72    46
   72    94
   73    12
   73    38
   73    96
   73    28
   73    71
   73    46
   73     1
   73    22
   73    40
   73    23
   73    74
   73    51
   73    85
   73    36
   73    15
   73    80
   73    63
   74    56
   74    17
   74    71
   74    65
   74    38
   75    66
   75    24
   75    65
   75    26
   75    77
   75    14
   75    18
   75    15
   75    29
   75    38
   75    71
   75    50
   75    95
   75     0
   75    88
   75    43
   76    43
   76    89
   76     1
   76    57
   76     0
   76    63
   76    47
   76    65
   76    11
   76    77
   76    97
   76    53
   77    97
   77    55
   77    45
   77    11
   77    94
   77    58
   77    70
   77    71
   77    32
   77     8
   77    99
   77    16
   77     0
   77     4
   77    28
   77    49
   77    14
   77    98
   77     1
   78    29
   78    62
   78    90
   78    87
   78    98
   78    58
   78     2
   78     1
   78    20
   78    26
   78    40
   78    84
   78    74
   78    60
   78    83
   78    49
   78    72
   79    12
   80     7
   80    84
   80    64
   80    75
   80    14
   80    13
   80    50
   80    72
   81    84
   81    29
   81     8
   81    38
   81    48
   81    50
   81    17
   81    18
   81     5
   81    98
   81    22
   81    30
   81    91
   81    71
   81    47
   81    36
   82    97
   82    19
   82    94
   82    45
   82    73
   82    61
   82    24
   82    17
   82    26
   82    12
   82    55
   83    17
   83    27
   83    25
   83    42
   83    98
   83    38
   84    31
   84    24
   84     5
   84    86
   84    15
   84    51
   84    36
   84    65
   84    39
   84    42
   84    63
   84    95
   84     3
   84    48
   84     6
   84    55
   84     4
   85    97
   85    86
   85    84
   85     5
   85    37
   85    72
   85    14
   85    13
   85    50
   85    60
   85    36
   85    47
   85    22
   85    44
   85    91
   85    48
   85    66
   85     6
   86    95
   86    15
   86    31
   86    35
   86    49
   87    17
   87    49
   87    79
   87    67
   87    26
   87     0
   87    36
   87    88
   87    51
   87    14
   87    40
   87    96
   88     5
   88    43
   88    20
   88    19
   88    99
   88    73
   88     6
   88    46
   88    66
   88    77
   88     3
   88    34
   88    68
   88    31
   89     8
   89    69
   89    14
   89    95
   89    57
   89    59
   89    68
   89    80
   89    64
   90    94
   90    64
   90    84
   90    81
   90    72
   90    29
   90    68
   90    92
   90    91
   91    93
   91    49
   91    28
   91    96
   91    16
   91    31
   91    87
   91    73
   91    85
   91    11
   91     9
   91    94
   92    53
   92    31
   92    98
   92    41
   92    20
   92    10
   92    94
   92    75
   92     8
   92     0
   92    19
   92    33
   92    83
   92     6
   92    43
   92    45
   92    28
   92     1
   92    69
   93    61
   93     5
   93     2
   93    64
   93    11
   93    40
   93    96
   93    62
   93    44
   93    95
   93    24
   93    78
   93    85
   94    28
   94    32
   94    22
   94    88
   94    86
   94    41
   94    36
   94    84
   94     2
   94    51
   94    37
   95    60
   95    96
   95    70
   95    76
   95    32
   95    10
   95    35
   95    34
   95    87
   95    23
   95    49
   95    90
   95    53
   95    21
   96    24
   96     5
   96    41
   96    44
   96    53
   96    90
   96    52
   96    83
   96    95
   96    77
   96    76
   96     2
   96    85
   96    92
   96    30
   96    65
   96    33
   96     7
   97    30
   97    26
   97    63
   97    57
   97    23
   97    66
   97    87
   97    44
   97    83
   98    85
   98    22
   98     4
   98    89
   98    26
   98    75
   98    31
   98     8
   98    90
   98    29
   99    27
   99    29
   99     6
   99    67
   99    93
   99    31
   99    48
   99    10
   99    33
   99    71
   99    74
   99    14
   99     3
   99    34
