100
    0    59
    0    84
    1    57
    1    67
    1    91
    1    90
    1    71
    1    61
    1    56
    1    45
    1    18
    1    58
    1    54
    1    17
    1    41
    1    82
    1    59
    1    66
    3    90
    3    35
    3    66
    3    78
    3     5
    3    16
    3    77
    3    74
    3    92
    3    63
    3    81
    3    51
    3    44
    3    20
    3    68
    3    34
    4    81
    4    95
    4    63
    4     3
    4    34
    4    67
    4    84
    4    54
    4    51
    5    57
    5    90
    5     8
    5    19
    5     7
    5     3
    5    50
    5    72
    5    20
    5    74
    5    94
    5    96
    5    68
    5    80
    5    38
    5    34
    5    40
    5    24
    5    84
    6    31
    6    28
    6    34
    6    78
    6    93
    6    60
    6    10
    6    87
    6    84
    6     1
    6    48
    6    89
    6    16
    6    33
    6    47
    7     3
    7    26
    7    50
    7    51
    7    34
    7    47
    7    40
    7    13
    8    40
    8    64
    8    51
    8    72
    8    79
    8    17
    8    56
    8     4
    8    41
    8    91
    8    31
    9    10
   10    56
   10    88
   10    86
   10    80
   10    99
   10    51
   10     1
   10    75
   11     6
   11    59
   11    51
   11    65
   11    52
   11    10
   11    24
   11    42
   11    84
   11    91
   12    30
   12    66
   12    85
   12    95
   12    38
   12    34
   12    61
   12    31
   13    41
   13    96
   13    28
   13    40
   13    81
   13    86
   13    45
   13    66
   13    46
   13    62
   13    89
   13    47
   13    33
   13    18
   13    69
   13    15
   13     3
   14    81
   14    92
   14    88
   14    80
   14    22
   14    98
   14    69
   14    23
   14    50
   14    75
   14     9
   14    48
   14    15
   15    83
   15    42
   15    33
   15    41
   16    75
   16    23
   16    61
   16    87
   16    47
   16    37
   16    55
   16    90
   16    13
   16    74
   16    66
   17    72
   17    68
   17    60
   17    16
   17     0
   17    96
   17    53
   19    90
   19    78
   19    56
   19    48
   19    82
   19    39
   20    22
   20    43
   20    46
   20     7
   20    77
   20    37
   20    17
   20    86
   20    80
   20    26
   21    33
   21    62
   21    74
   21    37
   21     4
   21    68
   21     6
   21    70
   21    94
   21    15
   22    82
   22    46
   22    51
   22    39
   22     6
   22    66
   22    38
   22    23
   22    18
   22    42
   23    59
   23    91
   23    38
   23    78
   23    93
   23    22
   23    75
   23    14
   23    11
   23    44
   23    34
   23    74
   23    18
   23    40
   23    51
   23    12
   23    62
   24    38
   24    76
   24    27
   24    73
   25    15
   25    46
   25    92
   25    70
   25    38
   25    44
   25    23
   25    26
   25    97
   25     8
   25    95
   25    59
   25    34
   25    87
   25    94
   25    83
   26     4
   26    65
   26    98
   26    34
   26    56
   26    49
   26    50
   26    30
   27    40
   27    65
   27    64
   27    88
   27    79
   27    44
   27     7
   27    83
   28    62
   28    65
   28    53
   29    63
   29    24
   29    53
   29    79
   29     0
   29    69
   29    56
   29    47
   29    15
   29    60
   29    25
   29     4
   29    27
   30    46
   30    86
   30    78
   30    39
   30    31
   30    29
   30    25
   30    76
   30    49
   30    55
   30     4
   30     6
   31    91
   31    62
   31    90
   31    83
   31    61
   31     4
   31     1
   31    71
   31    38
   31    77
   31    39
   31    46
   31    74
   31    29
   31    56
   32    48
   32    95
   32    69
   32    62
   32    96
   32    55
   32    59
   32    97
   32     7
   32     0
   32    34
   32    86
   33    53
   33    32
   33    68
   33    35
   33    24
   33    39
   33    71
   33    84
   33    89
   33    69
   33    86
   33    55
   33    46
   33    59
   34    94
   34    82
   34    32
   34    54
   34    69
   34    87
   34    62
   34    11
   34    21
   34    80
   34     3
   34    76
   34    78
   34     5
   34    37
   34    27
   34    46
   35    81
   35    87
   35    20
   35    70
   35     7
   35    91
   35    51
   35    38
   35    64
   35    57
   35    11
   35    73
   35     6
   35    21
   36    25
   36    90
   36    38
   36    40
   36    84
   36    81
   36    13
   36    88
   36     3
   36    91
   36    18
   36    42
   36    86
   36     0
   36    62
   36    43
   36    17
   36    26
   37    66
   37    82
   37     5
   37    67
   37    99
   37    40
   37    70
   37    45
   38     7
   38    80
   38    97
   38    27
   38    87
   38    95
   38    53
   38    44
   38    74
   38    58
   39    21
   40    53
   40    19
   40    46
   40    43
   40    47
   42    45
   42    77
   42    49
   42    39
   42     7
   42    13
   42    92
   42    96
   42    36
   42    91
   42    27
   42    80
   42    32
   42     2
   42    82
   42    35
   42    62
   42    58
   42    86
   42    70
   43    96
   43    70
   43    11
   43    28
   43    38
   43    67
   43    47
   43    69
   43    66
   43    13
   43    65
   43    74
   43    22
   43     3
   43    44
   43    23
   43    46
   43    24
   43    90
   45    74
   45    59
   45    97
   45    94
   45    32
   45    70
   45     0
   45    65
   45     3
   45    95
   45    83
   45    89
   45    96
   45    68
   45    18
   45    55
   45    27
   46    10
   46    25
   46    56
   46    47
   46    45
   46    63
   46    48
   46    92
   46    52
   46    89
   46    93
   46    54
   46     1
   46    50
   46    40
   46    76
   46    53
   46    31
   47    85
   47    68
   47    79
   47    56
   48    16
   48    44
   48    87
   48    55
   48    10
   48    29
   48    25
   48    93
   48    80
   48     8
   48    51
   48    81
   48    57
   48    38
   48    53
   48    45
   48    76
   48    12
   48    70
   48    78
   49    55
   49    78
   49    30
   49    67
   49    21
   49    27
   49    12
   49    87
   49    79
   50    55
   50    28
   50    41
   50     0
   50    51
   50    66
   50    58
   50    26
   50    81
   50    89
   52    89
   52    85
   52    32
   52     1
   52    19
   52    65
   52    28
   52    77
   52     4
   52    49
   52    88
   52    99
   52    25
   52    27
   52    56
   52    83
   52     9
   53    93
   53    56
   53    69
   53    49
   53    85
   53     8
   53    97
   53    41
   53    46
   53    79
   53    35
   53    28
   53    90
   53    42
   53    83
   53    60
   53    99
   53    48
   54    99
   54    46
   55    93
   55    88
   55    83
   55    34
   55    10
   55     8
   55    49
   55    92
   55    28
   55    50
   55    91
   55     4
   55    64
   55    14
   56    68
   56     5
   56    21
   56    16
   56    61
   56    28
   56    29
   56    70
   56    51
   56    63
   56    48
   56    22
   56    99
   56    94
   56     7
   56    85
   56    77
   56    31
   57    76
   57    83
   57    12
   57    51
   57    19
   57     8
   57    93
   57     2
   57    82
   57     9
   57    50
   57    56
   57    59
   57    46
   57    61
   57    67
   57    60
   57    36
   57    32
   57    55
   58    68
   58    92
   58    46
   58    52
   58    38
   58    69
   58    34
   58    56
   58    22
   58    18
   58    24
   58    70
   58    63
   58     5
   58    53
   58    21
   58    17
   58    97
   58    11
   58    20
   59    17
   60    86
   60    73
   60    62
   60    39
   60    99
   60    85
   60    17
   60    56
   60    41
   60     1
   60    66
   60    50
   60    84
   60    52
   60    36
   60    23
   60    16
   61    33
   61    42
   61    88
   61    96
   61    35
   62     2
   63    78
   63    75
   63    38
   63    92
   63    84
   63    40
   63    66
   63    14
   63     1
   63    69
   63    81
   63     7
   63    16
   63    48
   63    83
   63    41
   63    47
   64    16
   64    76
   64    21
   64    37
   64    11
   64     3
   64    59
   64    42
   64    61
   64     4
   64    83
   64    27
   64    40
   64    51
   64    41
   64    38
   65    95
   65    78
   65    49
   65    32
   65    99
   65    75
   66    86
   66    68
   66    18
   66    40
   66    61
   66     7
   66    83
   66    19
   66    88
   66    42
   66    21
   66    41
   66     4
   66    94
   67    19
   67    12
   67     4
   67    84
   67    70
   67    15
   67    65
   67    77
   67    63
   67    74
   67     0
   67    58
   67    54
   67    83
   67    60
   67    24
   67    56
   67    30
   67    40
   67    11
   68    98
   68    39
   68    78
   68    13
   68    41
   68    55
   68    36
   68    25
   68    29
   68    71
   68    85
   68    79
   68    23
   68    16
   68    43
   68    66
   68    73
   68    60
   68    48
   69    66
   69    93
   69    20
   69    61
   69    25
   69    52
   69    74
   69    10
   69    14
   70    44
   70    87
   70    42
   70    20
   70    23
   70    47
   70    94
   70    15
   70    58
   70    79
   70    75
   70    69
   70    12
   70    11
   72    88
   72    87
   72    63
   72    55
   72    52
   72    34
   72    82
   72    66
   72    51
   72    89
   72     7
   72    70
   72    79
   72    61
   72    13
   72    80
   72    83
   72    11
   72    75
   73    70
   73    36
   73    52
   73    57
   73    68
   73    89
   73    79
   73    76
   73    38
   73    31
   73    96
   73    61
   73    13
   73    64
   73    12
   73    33
   73    81
   73    59
   73    42
   73    75
   74    62
   74    81
   74    85
   74    41
   74    49
   74    66
   74    45
   74    73
   74    56
   75    42
   76    41
   76     8
   76     0
   76    37
   76    46
   76    71
   76    70
   76    50
   76    82
   76    28
   76    56
   77    12
   77    36
   77    63
   77    52
   77    51
   77    38
   77     2
   77    23
   77    98
   77    11
   77    73
   77    33
   77    20
   77    32
   77    37
   77    42
   77    18
   77    53
   77    16
   78    98
   78    27
   78    36
   78    68
   78    30
   78    50
   78    64
   78    16
   78    73
   78    32
   79    96
   79    88
   79    49
   79    37
   79    11
   79    43
   79    82
   79    57
   79    86
   79    77
   79    93
   79     4
   79    44
   79    26
   79    59
   80    22
   81    24
   81    71
   81    23
   81    73
   81    64
   81    74
   81    35
   81    31
   82     3
   83    17
   83    87
   83    80
   83     9
   83    42
   83    88
   83    20
   83     5
   83     6
   84    18
   84    26
   84    28
   84    78
   84    32
   84     7
   84    77
   84    96
   84    60
   84     4
   84    73
   84    17
   84    92
   84    41
   84     8
   84    91
   84    25
   84    94
   86    83
   86    65
   86    90
   86    51
   86    36
   86    30
   86    14
   86    37
   86    97
   87    52
   87    66
   87    83
   87    67
   87    57
   87    70
   87    14
   87    49
   87    26
   87    35
   88    19
   89    44
   89     5
   89     4
   89    43
   89    81
   89    10
   89    47
   89    39
   89     6
   89    22
   89    71
   89     8
   89    30
   89    20
   89    57
   89    92
   89    99
   89    34
   90    62
   91    28
   91    77
   91    23
   91    33
   91    86
   91    52
   91    79
   91    29
   91    22
   91    12
   91    11
   91     6
   91    68
   91    64
   91    36
   91    73
   91    27
   91    40
   91    81
   91    16
   92    33
   92    60
   92    81
   92    46
   92    90
   92    58
   92    99
   92    88
   92     0
   92    70
   92    34
   92    45
   92    32
   93    57
   93    92
   93    28
   93    49
   93    21
   93    23
   93    76
   93    88
   93    91
   93    63
   94    88
   94    20
   94     6
   94    71
   94    91
   94    74
   94    18
   94    58
   94    31
   94    64
   94    29
   94    43
   94    54
   94    62
   95    61
   95    60
   95    82
   95    30
   95    54
   95     2
   95    45
   95    28
   95    29
   95     1
   95    46
   95    43
   95    26
   95    77
   96    50
   96    75
   96    86
   96    74
   96     3
   96    90
   96    55
   97    96
   97    48
   97    95
   97    94
   97    47
   97    84
   97    79
   97     1
   97     7
   97    33
   98    17
   98    45
   98    64
   98    73
   98    79
   98    51
   98    77
   98    57
