10
    0     6
    0     8
    0     3
    0     1
    1     0
    1     3
    1     2
    1     5
    1     8
    1     7
    2     4
    2     6
    2     0
    2     5
    2     9
    2     1
    2     8
    3     0
    3     6
    3     1
    3     5
    3     8
    3     2
    3     9
    4     6
    4     1
    4     8
    4     0
    4     9
    5     0
    5     2
    5     8
    5     4
    5     9
    5     1
    6     2
    6     1
    6     8
    6     0
    6     7
    6     4
    6     9
    6     3
    7     0
    7     8
    7     1
    7     9
    7     6
    7     5
    7     4
    8     6
    8     3
    8     2
    8     7
    8     5
    9     3
    9     2
    9     4
    9     8
    9     5
    9     6
    9     1
    9     0
