10
    0     6
    0     5
    0     4
    0     7
    0     3
    0     1
    0     9
    0     8
    0     2
    1     8
    1     2
    1     5
    1     4
    1     3
    1     9
    2     5
    2     0
    2     9
    3     2
    3     4
    3     7
    3     1
    3     8
    4     0
    4     9
    4     5
    4     3
    4     2
    4     6
    6     9
    6     5
    6     4
    6     8
    6     3
    6     7
    8     9
    8     7
    8     1
    8     5
    8     0
    9     6
    9     0
    9     1
    9     2
    9     3
    9     4
